Stimulus,Repetition,TrialNumber,SpikeTimes
18,1,120,-0.212595
18,1,120,-0.069675
18,1,120,0.299101
18,1,120,0.317461
18,1,120,0.371462
18,1,120,0.3909
18,1,120,0.406999
18,1,120,0.50596
21,1,141,-0.47724
21,1,141,0.109394
21,1,141,0.293552
6,1,36,-0.347274
6,1,36,-0.342673
6,1,36,-0.136217
6,1,36,-0.076596
6,1,36,0.073543
6,1,36,0.096884
6,1,36,0.138603
6,1,36,0.149483
6,1,36,0.218761
6,1,36,0.378258
17,1,113,-0.465284
17,1,113,-0.039387
17,1,113,-0.00511
17,1,113,0.066531
17,1,113,0.08687
17,1,113,0.10021
17,1,113,0.119229
17,1,113,0.12757
17,1,113,0.151889
17,1,113,0.190629
17,1,113,0.239289
17,1,113,0.261847
17,1,113,0.431627
17,1,113,0.578187
12,1,78,-0.311517
12,1,78,0.0937979999999999
12,1,78,0.11046
12,1,78,0.153559
12,1,78,0.193618
12,1,78,0.209639
12,1,78,0.237199
12,1,78,0.299139
12,1,78,0.317679
12,1,78,0.520374
12,1,78,0.554254
12,1,78,0.603036
12,1,78,0.622213
12,1,78,0.639154
2,1,8,-0.484885
2,1,8,-0.440206
2,1,8,-0.430366
2,1,8,-0.385966
2,1,8,-0.357866
2,1,8,-0.331626
2,1,8,-0.211928
2,1,8,-0.16403
2,1,8,0.08217
2,1,8,0.10767
2,1,8,0.150567
2,1,8,0.186667
2,1,8,0.203046
2,1,8,0.213668
2,1,8,0.228868
2,1,8,0.236627
2,1,8,0.239886
2,1,8,0.247666
2,1,8,0.261668
2,1,8,0.276625
2,1,8,0.302287
2,1,8,0.309825
2,1,8,0.322628
2,1,8,0.520223
2,1,8,0.523784
2,1,8,0.577384
2,1,8,0.595324
2,1,8,0.644262
19,1,127,-0.273557
19,1,127,-0.271118
19,1,127,-0.250518
19,1,127,-0.227496
19,1,127,-0.215678
19,1,127,-0.196758
19,1,127,-0.183998
19,1,127,-0.0732
19,1,127,0.514933
19,1,127,0.557095
19,1,127,0.705613
10,1,64,-0.461327
10,1,64,-0.431908
10,1,64,-0.348688
10,1,64,-0.324207
10,1,64,-0.295048
10,1,64,-0.150831
10,1,64,-0.107251
10,1,64,-0.089292
10,1,64,0.273685
10,1,64,0.515562
10,1,64,0.550282
5,1,29,-0.300741
5,1,29,-0.27146
5,1,29,0.230414
5,1,29,0.70199
5,1,29,0.71789
13,1,85,-0.479588
13,1,85,-0.451189
13,1,85,-0.184812
13,1,85,-0.159273
13,1,85,-0.145653
13,1,85,-0.125214
13,1,85,-0.086555
13,1,85,-0.070674
13,1,85,-0.061255
13,1,85,-0.040275
13,1,85,0.054985
13,1,85,0.079745
13,1,85,0.092685
13,1,85,0.103644
13,1,85,0.113704
13,1,85,0.127264
13,1,85,0.138744
13,1,85,0.151262
13,1,85,0.162262
13,1,85,0.175063
13,1,85,0.186084
13,1,85,0.202902
13,1,85,0.217985
13,1,85,0.232585
13,1,85,0.297261
13,1,85,0.6451
7,1,43,-0.477939
7,1,43,-0.422778
7,1,43,-0.115464
7,1,43,0.359133
7,1,43,0.361872
7,1,43,0.366271
7,1,43,0.462813
15,1,99,-0.376673
15,1,99,-0.336293
15,1,99,-0.302251
15,1,99,0.163163
15,1,99,0.186163
15,1,99,0.242681
15,1,99,0.439001
15,1,99,0.442959
15,1,99,0.545157
16,1,106,-0.055567
16,1,106,0.408068
16,1,106,0.44549
16,1,106,0.461848
16,1,106,0.550867
11,1,71,-0.303695
11,1,71,-0.244074
11,1,71,0.262521
11,1,71,0.469836
11,1,71,0.506957
20,1,134,-0.229265
20,1,134,-0.188788
20,1,134,-0.148329
20,1,134,-0.136667
20,1,134,-0.00184900000000005
20,1,134,0.153828
20,1,134,0.461145
20,1,134,0.474226
20,1,134,0.583225
20,1,134,0.625064
20,1,134,0.645364
4,1,22,-0.293979
4,1,22,-0.291936
4,1,22,-0.289316
4,1,22,0.290737
4,1,22,0.296777
4,1,22,0.74729
14,1,92,0.090506
14,1,92,0.120827
14,1,92,0.154907
14,1,92,0.176566
14,1,92,0.192566
14,1,92,0.209947
14,1,92,0.227486
14,1,92,0.246007
14,1,92,0.476643
14,1,92,0.615383
14,1,92,0.635803
8,1,50,-0.438477
8,1,50,-0.19678
8,1,50,-0.19496
8,1,50,-0.1929
8,1,50,-0.18792
8,1,50,0.275835
8,1,50,0.435192
8,1,50,0.439052
8,1,50,0.452491
8,1,50,0.605371
8,1,50,0.622691
3,1,15,-0.429749
3,1,15,-0.146573
3,1,15,-0.106493
3,1,15,-0.086072
3,1,15,-0.00119200000000003
3,1,15,0.141364
3,1,15,0.143047
3,1,15,0.144864
3,1,15,0.244802
3,1,15,0.246983
3,1,15,0.249504
1,1,1,0.099853
1,1,1,0.191473
1,1,1,0.279413
1,1,1,0.282112
1,1,1,0.410771
1,1,1,0.55901
1,1,1,0.560969
1,1,1,0.563188
9,1,57,-0.452952
9,1,57,-0.039754
9,1,57,0.46762
7,2,44,-0.256984
7,2,44,-0.186245
7,2,44,0.252252
7,2,44,0.38755
7,2,44,0.525748
7,2,44,0.527529
7,2,44,0.532889
4,2,23,0.02862
4,2,23,0.033961
4,2,23,0.26118
4,2,23,0.619955
15,2,100,0.133409
15,2,100,0.207967
15,2,100,0.380028
17,2,114,-0.362577
17,2,114,0.094679
17,2,114,0.315056
9,2,58,-0.434206
9,2,58,-0.20041
9,2,58,-0.19597
9,2,58,-0.194111
9,2,58,0.130705
9,2,58,0.485102
9,2,58,0.513943
9,2,58,0.642142
9,2,58,0.701581
21,2,142,-0.471818
21,2,142,-0.44998
21,2,142,-0.262163
21,2,142,-0.220702
21,2,142,0.122916
21,2,142,0.246752
21,2,142,0.338913
21,2,142,0.353351
18,2,121,-0.495611
18,2,121,-0.366531
18,2,121,-0.34389
18,2,121,0.080525
18,2,121,0.133504
18,2,121,0.147683
18,2,121,0.165184
18,2,121,0.252483
18,2,121,0.580399
18,2,121,0.596537
14,2,93,-0.397761
14,2,93,-0.364004
14,2,93,-0.343324
14,2,93,-0.330823
14,2,93,-0.312844
14,2,93,-0.309243
14,2,93,-0.302403
14,2,93,-0.287085
14,2,93,-0.258303
14,2,93,-0.249665
14,2,93,-0.213742
14,2,93,-0.165624
14,2,93,-0.138725
14,2,93,0.062194
14,2,93,0.083654
14,2,93,0.090653
14,2,93,0.102813
14,2,93,0.114292
14,2,93,0.123011
14,2,93,0.131471
14,2,93,0.138511
14,2,93,0.144971
14,2,93,0.151812
14,2,93,0.155931
14,2,93,0.163851
14,2,93,0.166172
14,2,93,0.172233
14,2,93,0.177192
14,2,93,0.185412
14,2,93,0.19509
14,2,93,0.201011
14,2,93,0.207232
14,2,93,0.213531
14,2,93,0.221871
14,2,93,0.223771
14,2,93,0.227989
14,2,93,0.237231
14,2,93,0.240077
14,2,93,0.24435
14,2,93,0.246731
14,2,93,0.257149
14,2,93,0.259769
14,2,93,0.403668
14,2,93,0.573206
14,2,93,0.598566
14,2,93,0.674527
3,2,16,-0.35001
3,2,16,-0.218073
3,2,16,0.0922649999999999
3,2,16,0.145943
3,2,16,0.182442
3,2,16,0.201883
3,2,16,0.216083
3,2,16,0.221262
3,2,16,0.261022
3,2,16,0.44222
3,2,16,0.45364
3,2,16,0.492419
3,2,16,0.714577
10,2,65,-0.475742
10,2,65,-0.431221
10,2,65,-0.356824
10,2,65,-0.343022
10,2,65,-0.299064
10,2,65,-0.149446
10,2,65,-0.085246
10,2,65,-0.058305
10,2,65,0.153794
10,2,65,0.176052
10,2,65,0.293731
20,2,135,-0.469872
20,2,135,-0.341135
20,2,135,-0.325894
20,2,135,-0.316194
20,2,135,-0.307795
20,2,135,-0.294955
20,2,135,-0.283973
20,2,135,-0.277154
20,2,135,-0.259696
20,2,135,-0.251855
20,2,135,-0.237154
20,2,135,-0.234595
20,2,135,-0.230976
20,2,135,-0.216415
20,2,135,-0.180557
20,2,135,-0.107996
20,2,135,0.0558799999999999
20,2,135,0.114542
20,2,135,0.16276
20,2,135,0.282721
20,2,135,0.399859
20,2,135,0.598016
20,2,135,0.600554
20,2,135,0.606955
20,2,135,0.623796
20,2,135,0.647294
20,2,135,0.676596
20,2,135,0.711373
12,2,79,-0.441441
12,2,79,-0.323104
12,2,79,-0.215045
12,2,79,-0.173186
12,2,79,-0.126407
12,2,79,0.0994119999999999
12,2,79,0.123771
12,2,79,0.144811
12,2,79,0.173131
12,2,79,0.199791
12,2,79,0.25629
5,2,30,-0.246077
5,2,30,-0.144397
5,2,30,0.031341
5,2,30,0.06916
5,2,30,0.080221
5,2,30,0.11652
5,2,30,0.13092
5,2,30,0.169718
5,2,30,0.259739
5,2,30,0.304197
5,2,30,0.611074
2,2,9,-0.251466
2,2,9,-0.153667
2,2,9,-0.131549
2,2,9,-0.10555
2,2,9,0.095148
2,2,9,0.459364
2,2,9,0.591324
6,2,37,-0.479435
6,2,37,-0.457056
6,2,37,-0.410657
6,2,37,-0.396457
6,2,37,-0.011081
6,2,37,0.00901699999999994
6,2,37,0.136697
6,2,37,0.175918
6,2,37,0.745851
8,2,51,-0.327328
8,2,51,0.0545059999999999
8,2,51,0.102105
8,2,51,0.579141
11,2,72,-0.392678
11,2,72,-0.278142
11,2,72,-0.229322
11,2,72,0.720249
19,2,128,-0.336372
19,2,128,-0.312394
19,2,128,-0.275293
19,2,128,0.276321
19,2,128,0.438959
19,2,128,0.49036
19,2,128,0.625957
19,2,128,0.654237
13,2,86,-0.341142
13,2,86,-0.163041
13,2,86,0.073553
13,2,86,0.096533
13,2,86,0.155212
13,2,86,0.180732
13,2,86,0.575669
13,2,86,0.579089
13,2,86,0.598608
1,2,2,-0.475971
1,2,2,0.403618
1,2,2,0.405619
1,2,2,0.408042
6,3,38,-0.172098
6,3,38,0.113017
6,3,38,0.162898
6,3,38,0.178898
6,3,38,0.522614
4,3,24,-0.326549
4,3,24,-0.299068
4,3,24,-0.231608
4,3,24,-0.217309
4,3,24,-0.00723100000000004
4,3,24,0.366285
4,3,24,0.404323
4,3,24,0.583484
4,3,24,0.586583
8,3,52,-0.374019
8,3,52,-0.369297
8,3,52,-0.367098
8,3,52,-0.363178
8,3,52,-0.34422
8,3,52,-0.103762
8,3,52,-0.098342
8,3,52,0.0749989999999999
8,3,52,0.392655
8,3,52,0.397194
8,3,52,0.425253
19,3,129,-0.341191
19,3,129,-0.339568
19,3,129,-0.337831
19,3,129,-0.33179
19,3,129,-0.255651
19,3,129,-0.132613
21,3,143,0.114061
2,3,10,0.150011
2,3,10,0.291789
5,3,31,-0.423994
5,3,31,-0.00935900000000001
7,3,45,-0.460845
7,3,45,-0.281089
7,3,45,0.110388
7,3,45,0.149469
7,3,45,0.186627
7,3,45,0.210287
7,3,45,0.250047
7,3,45,0.290168
7,3,45,0.375266
7,3,45,0.386244
7,3,45,0.436664
7,3,45,0.462705
7,3,45,0.724622
14,3,94,-0.433777
14,3,94,-0.162119
14,3,94,-0.085062
14,3,94,-0.045702
14,3,94,-0.00936200000000004
14,3,94,0.0431199999999999
14,3,94,0.063257
14,3,94,0.077458
14,3,94,0.087357
14,3,94,0.092998
14,3,94,0.107798
14,3,94,0.114576
14,3,94,0.122219
14,3,94,0.126597
14,3,94,0.133636
14,3,94,0.146216
14,3,94,0.161356
14,3,94,0.169937
14,3,94,0.180517
14,3,94,0.186437
14,3,94,0.192798
14,3,94,0.195618
14,3,94,0.200237
14,3,94,0.207036
14,3,94,0.208935
14,3,94,0.217515
14,3,94,0.225277
14,3,94,0.234256
14,3,94,0.239575
14,3,94,0.353295
14,3,94,0.410814
14,3,94,0.479393
14,3,94,0.543794
14,3,94,0.574411
14,3,94,0.603252
14,3,94,0.656391
14,3,94,0.737532
3,3,17,-0.272608
3,3,17,-0.230349
3,3,17,-0.199747
3,3,17,-0.185228
3,3,17,-0.126771
3,3,17,-0.118691
3,3,17,-0.044151
3,3,17,-0.038112
3,3,17,0.00526799999999994
3,3,17,0.107507
3,3,17,0.123287
3,3,17,0.131946
3,3,17,0.148568
3,3,17,0.201006
3,3,17,0.203445
3,3,17,0.245126
3,3,17,0.249345
3,3,17,0.259404
3,3,17,0.268046
3,3,17,0.288845
3,3,17,0.315026
3,3,17,0.410444
3,3,17,0.438504
3,3,17,0.461302
3,3,17,0.468245
3,3,17,0.485202
3,3,17,0.490587
3,3,17,0.520742
3,3,17,0.65896
16,3,108,-0.433836
16,3,108,-0.420137
16,3,108,-0.401458
16,3,108,-0.394818
16,3,108,-0.386779
16,3,108,-0.373078
16,3,108,-0.369498
16,3,108,-0.363999
16,3,108,-0.356998
16,3,108,-0.352698
16,3,108,-0.35046
16,3,108,-0.346378
16,3,108,-0.343316
16,3,108,-0.339178
16,3,108,-0.335778
16,3,108,-0.117961
16,3,108,0.401375
16,3,108,0.403612
16,3,108,0.407573
16,3,108,0.466954
12,3,80,-0.415547
12,3,80,-0.340689
12,3,80,-0.299868
12,3,80,-0.22905
12,3,80,0.056145
12,3,80,0.084626
12,3,80,0.285044
12,3,80,0.313823
10,3,66,-0.47674
10,3,66,-0.348742
10,3,66,-0.310341
10,3,66,0.013657
10,3,66,0.268533
10,3,66,0.356332
10,3,66,0.527691
10,3,66,0.537489
10,3,66,0.57195
17,3,115,-0.44557
17,3,115,-0.201772
17,3,115,-0.160574
17,3,115,-0.097233
17,3,115,0.067666
17,3,115,0.126984
17,3,115,0.665297
17,3,115,0.708077
11,3,73,-0.071965
11,3,73,0.239833
15,3,101,0.012563
15,3,101,0.167061
15,3,101,0.516118
9,3,59,-0.084028
9,3,59,0.561267
20,3,136,-0.243259
20,3,136,-0.075779
20,3,136,-0.037261
20,3,136,0.412356
20,3,136,0.414774
20,3,136,0.444895
20,3,136,0.560714
20,3,136,0.650694
1,3,3,-0.384628
1,3,3,-0.18471
1,3,3,-0.16789
1,3,3,-0.06433
1,3,3,-0.011472
1,3,3,0.201208
13,3,87,0.062244
13,3,87,0.155202
13,3,87,0.175902
13,3,87,0.491341
13,3,87,0.515422
13,3,87,0.601698
10,4,67,-0.38042
10,4,67,-0.375701
10,4,67,0.109232
10,4,67,0.210973
10,4,67,0.533509
13,4,88,-0.076275
13,4,88,-0.058497
13,4,88,-0.041436
13,4,88,0.047984
13,4,88,0.0632849999999999
13,4,88,0.068784
13,4,88,0.079063
13,4,88,0.087021
13,4,88,0.095383
13,4,88,0.11384
13,4,88,0.135803
13,4,88,0.145103
13,4,88,0.154742
13,4,88,0.164122
13,4,88,0.176542
13,4,88,0.179581
13,4,88,0.185541
13,4,88,0.192142
13,4,88,0.208021
13,4,88,0.221681
13,4,88,0.25112
13,4,88,0.26268
13,4,88,0.282961
13,4,88,0.295539
13,4,88,0.309218
13,4,88,0.32828
13,4,88,0.349918
13,4,88,0.364778
13,4,88,0.38318
13,4,88,0.41064
13,4,88,0.438339
13,4,88,0.485478
13,4,88,0.626737
19,4,130,-0.469041
19,4,130,-0.459823
19,4,130,-0.430422
19,4,130,-0.377361
19,4,130,-0.347423
19,4,130,-0.322164
19,4,130,-0.222843
19,4,130,-0.150944
19,4,130,-0.129165
19,4,130,0.128713
19,4,130,0.459829
19,4,130,0.520968
19,4,130,0.529587
19,4,130,0.677207
19,4,130,0.734207
8,4,53,-0.489393
8,4,53,-0.457075
8,4,53,-0.431175
8,4,53,-0.387394
8,4,53,-0.316055
8,4,53,-0.222796
8,4,53,-0.211154
8,4,53,-0.171976
8,4,53,-0.097897
8,4,53,-0.087078
8,4,53,0.281298
8,4,53,0.323297
8,4,53,0.364497
12,4,81,-0.447421
12,4,81,-0.394904
12,4,81,-0.378246
12,4,81,-0.354586
12,4,81,-0.185927
12,4,81,-0.156467
12,4,81,0.09731
12,4,81,0.170771
12,4,81,0.33807
12,4,81,0.405389
12,4,81,0.455388
12,4,81,0.675425
12,4,81,0.694666
12,4,81,0.730624
3,4,18,-0.451176
3,4,18,-0.443274
3,4,18,-0.427135
3,4,18,0.176538
3,4,18,0.636254
3,4,18,0.665295
3,4,18,0.700571
3,4,18,0.712831
3,4,18,0.717151
3,4,18,0.723193
3,4,18,0.731252
16,4,109,-0.496345
16,4,109,-0.486586
16,4,109,-0.458446
16,4,109,-0.451007
16,4,109,-0.422608
16,4,109,-0.267328
16,4,109,-0.24885
16,4,109,-0.218469
16,4,109,-0.184391
16,4,109,-0.10011
16,4,109,-0.090592
16,4,109,0.07995
16,4,109,0.113249
16,4,109,0.144586
16,4,109,0.225287
16,4,109,0.410604
16,4,109,0.443665
9,4,60,-0.424178
9,4,60,-0.352679
9,4,60,-0.296917
9,4,60,-0.288559
9,4,60,-0.194061
9,4,60,-0.13334
9,4,60,-0.114802
9,4,60,-0.019541
9,4,60,0.67679
9,4,60,0.709429
6,4,39,-0.485688
6,4,39,-0.387447
6,4,39,-0.363888
6,4,39,-0.34283
6,4,39,-0.32449
6,4,39,-0.293389
6,4,39,-0.241151
6,4,39,-0.233811
6,4,39,0.53576
6,4,39,0.744558
15,4,102,-0.410798
15,4,102,-0.374638
15,4,102,-0.32934
15,4,102,-0.31078
15,4,102,-0.293299
15,4,102,-0.274161
15,4,102,-0.254679
15,4,102,-0.117881
15,4,102,-0.012222
15,4,102,0.011096
15,4,102,0.171516
15,4,102,0.203535
15,4,102,0.50047
15,4,102,0.607931
15,4,102,0.652351
15,4,102,0.693651
21,4,144,-0.331832
21,4,144,-0.273273
21,4,144,-0.203292
21,4,144,0.0811459999999999
21,4,144,0.152023
21,4,144,0.190544
21,4,144,0.255864
21,4,144,0.289782
21,4,144,0.299202
21,4,144,0.458299
21,4,144,0.47638
21,4,144,0.522601
21,4,144,0.56116
21,4,144,0.589299
21,4,144,0.729998
20,4,137,-0.319602
20,4,137,-0.138043
20,4,137,0.44625
20,4,137,0.627789
14,4,95,-0.412212
14,4,95,-0.373453
14,4,95,-0.031875
14,4,95,0.013763
14,4,95,0.049763
14,4,95,0.0779839999999999
14,4,95,0.0925239999999999
14,4,95,0.108142
14,4,95,0.121683
14,4,95,0.132381
14,4,95,0.144804
14,4,95,0.162722
14,4,95,0.166121
14,4,95,0.170581
14,4,95,0.178343
14,4,95,0.190082
14,4,95,0.193762
14,4,95,0.205023
14,4,95,0.211841
14,4,95,0.217082
14,4,95,0.225082
14,4,95,0.23218
14,4,95,0.239421
14,4,95,0.251402
14,4,95,0.493121
14,4,95,0.528938
14,4,95,0.563238
1,4,4,-0.240325
1,4,4,0.274831
1,4,4,0.742986
5,4,32,-0.418312
5,4,32,-0.315555
5,4,32,-0.232495
5,4,32,0.605956
5,4,32,0.733195
7,4,46,-0.107868
7,4,46,0.576047
7,4,46,0.592404
7,4,46,0.637164
2,4,11,0.017539
2,4,11,0.401636
2,4,11,0.440174
17,4,116,-0.392467
17,4,116,0.056508
17,4,116,0.376403
17,4,116,0.378904
17,4,116,0.391923
11,4,74,0.329273
11,4,74,0.331096
4,4,25,-0.256391
4,4,25,0.370742
4,4,25,0.59526
4,4,25,0.747481
18,4,123,0.446649
19,5,131,-0.355112
19,5,131,-0.351853
19,5,131,-0.119556
19,5,131,-0.117576
19,5,131,0.128344
4,5,26,0.389369
10,5,68,-0.255977
10,5,68,-0.230478
10,5,68,0.522715
10,5,68,0.581575
3,5,19,-0.379446
3,5,19,-0.355947
3,5,19,-0.319246
3,5,19,-0.316007
3,5,19,-0.240169
3,5,19,-0.150749
3,5,19,-0.131829
3,5,19,-0.078849
3,5,19,-0.05699
3,5,19,-0.052731
3,5,19,0.0768679999999999
3,5,19,0.246286
3,5,19,0.254346
3,5,19,0.279046
3,5,19,0.585181
3,5,19,0.667543
3,5,19,0.70048
3,5,19,0.710161
3,5,19,0.721501
3,5,19,0.74108
17,5,117,-0.468796
17,5,117,-0.441395
17,5,117,-0.398037
17,5,117,0.058958
17,5,117,0.100998
17,5,117,0.130277
17,5,117,0.152796
17,5,117,0.185096
17,5,117,0.202535
17,5,117,0.243276
17,5,117,0.362854
1,5,5,-0.462909
1,5,5,-0.430008
1,5,5,0.125467
1,5,5,0.168245
1,5,5,0.222083
1,5,5,0.262705
1,5,5,0.279225
1,5,5,0.286305
1,5,5,0.318883
1,5,5,0.325044
1,5,5,0.341225
1,5,5,0.363803
1,5,5,0.406624
1,5,5,0.515863
20,5,138,-0.09046
20,5,138,0.435433
20,5,138,0.466032
20,5,138,0.483153
20,5,138,0.747031
6,5,40,-0.389212
6,5,40,-0.33775
6,5,40,-0.306393
6,5,40,-0.235113
6,5,40,-0.199513
6,5,40,0.150263
6,5,40,0.154924
6,5,40,0.158222
6,5,40,0.167864
6,5,40,0.280402
6,5,40,0.282321
6,5,40,0.327262
6,5,40,0.349139
6,5,40,0.519938
7,5,47,-0.301263
7,5,47,0.077654
7,5,47,0.133833
7,5,47,0.253852
7,5,47,0.276812
7,5,47,0.363791
7,5,47,0.37691
12,5,82,-0.48447
12,5,82,-0.454053
12,5,82,-0.432392
12,5,82,-0.418454
12,5,82,0.061582
12,5,82,0.136441
12,5,82,0.20524
12,5,82,0.25974
12,5,82,0.436919
12,5,82,0.463298
12,5,82,0.4719
12,5,82,0.489257
12,5,82,0.562778
12,5,82,0.680655
14,5,96,-0.481283
14,5,96,-0.477121
14,5,96,-0.471804
14,5,96,-0.459342
14,5,96,-0.394023
14,5,96,-0.324064
14,5,96,-0.151025
14,5,96,0.04243
14,5,96,0.053752
14,5,96,0.065592
14,5,96,0.07987
14,5,96,0.095971
14,5,96,0.104831
14,5,96,0.114431
14,5,96,0.116011
14,5,96,0.124291
14,5,96,0.133951
14,5,96,0.137131
14,5,96,0.144911
14,5,96,0.151452
14,5,96,0.159171
14,5,96,0.16457
14,5,96,0.171751
14,5,96,0.17453
14,5,96,0.176889
14,5,96,0.189149
14,5,96,0.194231
14,5,96,0.197389
14,5,96,0.200689
14,5,96,0.20859
14,5,96,0.211589
14,5,96,0.214389
14,5,96,0.217769
14,5,96,0.22019
14,5,96,0.226351
14,5,96,0.23633
14,5,96,0.24829
14,5,96,0.26343
14,5,96,0.39875
13,5,89,-0.408633
13,5,89,-0.368032
13,5,89,-0.300455
13,5,89,0.09194
13,5,89,0.10382
13,5,89,0.124782
13,5,89,0.148302
13,5,89,0.160101
13,5,89,0.176981
13,5,89,0.187059
13,5,89,0.19844
13,5,89,0.22476
13,5,89,0.247238
13,5,89,0.254681
13,5,89,0.273837
13,5,89,0.470677
13,5,89,0.490056
13,5,89,0.744213
21,5,145,-0.305506
21,5,145,-0.241284
21,5,145,-0.00956700000000005
21,5,145,0.027613
21,5,145,0.047611
21,5,145,0.0878909999999999
21,5,145,0.14989
21,5,145,0.212389
21,5,145,0.370446
21,5,145,0.459506
15,5,103,-0.483375
15,5,103,-0.404554
15,5,103,-0.341534
15,5,103,-0.277558
15,5,103,-0.142756
15,5,103,-0.071938
15,5,103,0.007579
15,5,103,0.204578
15,5,103,0.418857
15,5,103,0.482955
2,5,12,-0.161308
2,5,12,0.135689
2,5,12,0.236748
2,5,12,0.252386
2,5,12,0.279207
2,5,12,0.291368
2,5,12,0.323808
2,5,12,0.567346
2,5,12,0.615523
2,5,12,0.669063
2,5,12,0.684101
2,5,12,0.699663
2,5,12,0.708841
2,5,12,0.722862
2,5,12,0.735764
2,5,12,0.74654
16,5,110,-0.495475
16,5,110,-0.468114
16,5,110,-0.448135
16,5,110,-0.02888
16,5,110,0.0122
16,5,110,0.061578
16,5,110,0.380676
16,5,110,0.387576
16,5,110,0.72195
5,5,33,-0.277389
5,5,33,-0.244791
5,5,33,-0.020011
5,5,33,-0.000931000000000015
5,5,33,0.014528
5,5,33,0.041049
5,5,33,0.063688
5,5,33,0.0801069999999999
5,5,33,0.084969
5,5,33,0.098326
5,5,33,0.119087
5,5,33,0.237266
5,5,33,0.583901
5,5,33,0.610681
5,5,33,0.627623
5,5,33,0.637242
5,5,33,0.643302
5,5,33,0.680399
5,5,33,0.7469
9,5,61,-0.450938
9,5,61,-0.434859
9,5,61,-0.362059
9,5,61,-0.286759
9,5,61,-0.279579
9,5,61,-0.2449
9,5,61,-0.20578
9,5,61,-0.095783
9,5,61,-0.071423
9,5,61,0.226014
9,5,61,0.258154
9,5,61,0.732028
18,5,124,-0.431388
18,5,124,-0.368269
18,5,124,-0.328308
18,5,124,-0.31409
18,5,124,-0.293031
18,5,124,-0.17179
18,5,124,-0.138371
18,5,124,0.060226
18,5,124,0.068005
18,5,124,0.0782459999999999
18,5,124,0.109827
18,5,124,0.140345
18,5,124,0.200084
18,5,124,0.217644
18,5,124,0.230685
18,5,124,0.725419
11,5,75,-0.476701
11,5,75,-0.403039
11,5,75,-0.36626
11,5,75,-0.348479
11,5,75,0.195914
11,5,75,0.269552
11,5,75,0.47319
11,5,75,0.51167
11,5,75,0.533229
11,5,75,0.571687
11,5,75,0.663669
8,5,54,-0.33173
8,5,54,-0.276951
8,5,54,-0.071694
8,5,54,0.161782
8,5,54,0.203703
8,5,54,0.262401
8,5,54,0.306302
8,5,54,0.360942
8,5,54,0.49522
8,5,54,0.643099
2,6,13,-0.033166
2,6,13,-0.011247
2,6,13,0.128413
2,6,13,0.218792
2,6,13,0.235651
2,6,13,0.268812
2,6,13,0.27959
2,6,13,0.558188
15,6,104,-0.339855
15,6,104,-0.248574
15,6,104,-0.060436
15,6,104,0.012803
15,6,104,0.168341
15,6,104,0.187201
15,6,104,0.22328
15,6,104,0.442098
15,6,104,0.554155
14,6,97,0.014191
14,6,97,0.065832
14,6,97,0.076391
14,6,97,0.082589
14,6,97,0.096749
14,6,97,0.10501
14,6,97,0.112732
14,6,97,0.13003
14,6,97,0.137351
14,6,97,0.146609
14,6,97,0.157189
14,6,97,0.160248
14,6,97,0.166769
14,6,97,0.168868
14,6,97,0.175969
14,6,97,0.181589
14,6,97,0.18649
14,6,97,0.18909
14,6,97,0.19601
14,6,97,0.20187
14,6,97,0.20805
14,6,97,0.216909
14,6,97,0.22495
14,6,97,0.229748
14,6,97,0.234188
14,6,97,0.239369
14,6,97,0.24133
14,6,97,0.246249
14,6,97,0.24895
20,6,139,-0.371215
20,6,139,-0.338834
20,6,139,-0.232156
20,6,139,0.14906
20,6,139,0.684534
4,6,27,0.126147
16,6,111,-0.240039
16,6,111,-0.237837
16,6,111,-0.198219
16,6,111,-0.072502
16,6,111,-0.049301
16,6,111,0.398814
16,6,111,0.627131
7,6,48,-0.457546
7,6,48,-0.374849
7,6,48,-0.348747
7,6,48,-0.15525
7,6,48,0.159126
7,6,48,0.219506
3,6,20,-0.493258
3,6,20,-0.435858
3,6,20,-0.409238
3,6,20,-0.326561
3,6,20,0.183035
3,6,20,0.612191
1,6,6,-0.382211
1,6,6,-0.107574
1,6,6,-0.040494
1,6,6,0.6934
17,6,118,-0.495122
17,6,118,-0.492302
17,6,118,-0.148224
17,6,118,0.512889
18,6,125,-0.205955
18,6,125,-0.183356
18,6,125,0.362597
18,6,125,0.515535
18,6,125,0.686356
18,6,125,0.721014
13,6,90,-0.492982
13,6,90,-0.165687
13,6,90,-0.158448
13,6,90,0.053831
13,6,90,0.097811
13,6,90,0.123389
13,6,90,0.148369
13,6,90,0.160188
8,6,55,0.102921
8,6,55,0.104497
8,6,55,0.106078
8,6,55,0.11114
8,6,55,0.441115
8,6,55,0.592834
8,6,55,0.594552
8,6,55,0.690292
8,6,55,0.700854
9,6,62,-0.487888
9,6,62,0.112867
9,6,62,0.221686
9,6,62,0.282886
9,6,62,0.408384
6,6,41,-0.28082
19,6,132,-0.439629
19,6,132,-0.420868
19,6,132,-0.00367300000000004
19,6,132,0.390702
19,6,132,0.60878
19,6,132,0.6106
19,6,132,0.624681
19,6,132,0.631035
10,6,69,-0.358581
10,6,69,0.025656
12,6,83,-0.482851
12,6,83,-0.046915
12,6,83,0.509238
5,6,34,-0.454224
5,6,34,-0.227425
5,6,34,0.662505
11,6,76,-0.037476
11,6,76,0.359018
21,6,146,-0.249188
21,6,146,-0.149667
21,6,146,0.205307
9,7,63,-0.465014
9,7,63,0.696412
17,7,119,-0.363251
17,7,119,-0.261168
17,7,119,-0.098292
17,7,119,0.383822
17,7,119,0.391143
17,7,119,0.599819
17,7,119,0.604861
17,7,119,0.607821
13,7,91,-0.344641
13,7,91,-0.342581
13,7,91,-0.300941
13,7,91,0.117015
13,7,91,0.161575
13,7,91,0.63301
7,7,49,-0.239753
7,7,49,-0.237893
7,7,49,-0.235374
7,7,49,-0.231112
7,7,49,-0.221731
7,7,49,0.083442
7,7,49,0.367401
7,7,49,0.369961
2,7,14,0.038013
10,7,70,-0.306953
10,7,70,0.427138
6,7,42,-0.482204
6,7,42,-0.470383
6,7,42,0.534845
6,7,42,0.536623
6,7,42,0.538925
6,7,42,0.677523
4,7,28,-0.369838
4,7,28,0.121218
4,7,28,0.132378
4,7,28,0.194037
4,7,28,0.585813
4,7,28,0.712832
20,7,140,-0.428586
20,7,140,-0.311928
20,7,140,-0.26915
20,7,140,-0.039211
20,7,140,-0.015352
20,7,140,0.321683
20,7,140,0.342103
20,7,140,0.595422
20,7,140,0.61746
20,7,140,0.7116
20,7,140,0.745601
18,7,126,0.00163899999999995
18,7,126,0.00423699999999994
18,7,126,0.055995
18,7,126,0.268235
18,7,126,0.295373
18,7,126,0.594692
18,7,126,0.599909
18,7,126,0.700071
15,7,105,-0.426827
15,7,105,-0.168853
15,7,105,-0.093272
15,7,105,0.0124259999999999
15,7,105,0.129187
15,7,105,0.138483
15,7,105,0.198265
15,7,105,0.224124
15,7,105,0.237904
15,7,105,0.495462
15,7,105,0.510221
15,7,105,0.564201
15,7,105,0.58882
15,7,105,0.60132
15,7,105,0.60844
15,7,105,0.630959
15,7,105,0.667939
15,7,105,0.68784
14,7,98,-0.471979
14,7,98,-0.41086
14,7,98,-0.397021
14,7,98,-0.34006
14,7,98,-0.302881
14,7,98,-0.229343
14,7,98,-0.183182
14,7,98,-0.145362
14,7,98,0.0837129999999999
14,7,98,0.101713
14,7,98,0.116895
14,7,98,0.130352
14,7,98,0.146434
14,7,98,0.154412
14,7,98,0.158033
14,7,98,0.166894
14,7,98,0.174951
14,7,98,0.181193
14,7,98,0.188194
14,7,98,0.194952
14,7,98,0.199914
14,7,98,0.208432
14,7,98,0.211752
14,7,98,0.214053
14,7,98,0.218632
14,7,98,0.222074
14,7,98,0.235171
14,7,98,0.243472
14,7,98,0.250213
14,7,98,0.253793
14,7,98,0.256272
14,7,98,0.25857
14,7,98,0.263271
14,7,98,0.276072
14,7,98,0.295271
14,7,98,0.323871
14,7,98,0.354231
14,7,98,0.372213
14,7,98,0.41321
14,7,98,0.575149
14,7,98,0.606609
14,7,98,0.623748
14,7,98,0.736928
11,7,77,-0.37661
11,7,77,-0.31447
11,7,77,-0.176813
11,7,77,-0.053535
11,7,77,-0.022595
11,7,77,0.178904
11,7,77,0.5816
12,7,84,-0.482182
12,7,84,-0.457319
12,7,84,-0.432101
12,7,84,-0.414902
12,7,84,-0.379121
12,7,84,-0.364322
12,7,84,-0.360103
12,7,84,-0.347561
12,7,84,-0.308483
12,7,84,-0.250442
12,7,84,-0.220522
12,7,84,0.135892
12,7,84,0.204954
12,7,84,0.279432
12,7,84,0.330151
12,7,84,0.348129
5,7,35,-0.380392
5,7,35,0.0851029999999999
5,7,35,0.117621
5,7,35,0.161763
5,7,35,0.167162
5,7,35,0.17574
5,7,35,0.19334
5,7,35,0.2375
5,7,35,0.24238
5,7,35,0.2483
5,7,35,0.276782
5,7,35,0.503337
5,7,35,0.539618
5,7,35,0.566197
5,7,35,0.584236
5,7,35,0.601018
5,7,35,0.627717
5,7,35,0.657055
5,7,35,0.685896
5,7,35,0.735695
21,7,147,-0.469443
21,7,147,-0.446562
21,7,147,-0.413662
21,7,147,-0.312282
21,7,147,-0.160626
21,7,147,-0.117606
21,7,147,-0.085927
21,7,147,-0.055085
21,7,147,0.000852999999999993
21,7,147,0.058072
21,7,147,0.073812
21,7,147,0.382609
21,7,147,0.552587
21,7,147,0.582648
21,7,147,0.672828
21,7,147,0.690464
21,7,147,0.720505
19,7,133,-0.485272
19,7,133,-0.415993
19,7,133,-0.398714
19,7,133,-0.364775
19,7,133,-0.338394
19,7,133,-0.148836
19,7,133,0.462298
19,7,133,0.464878
19,7,133,0.589696
19,7,133,0.612356
19,7,133,0.676154
1,7,7,-0.497604
1,7,7,-0.469483
1,7,7,-0.459505
1,7,7,-0.425064
1,7,7,-0.333004
1,7,7,-0.319466
1,7,7,-0.261704
1,7,7,-0.227026
1,7,7,-0.203248
1,7,7,-0.187286
1,7,7,-0.176406
1,7,7,-0.154247
1,7,7,-0.148386
1,7,7,-0.131526
1,7,7,-0.060768
1,7,7,-0.04277
1,7,7,-0.01431
1,7,7,0.0622509999999999
1,7,7,0.073191
1,7,7,0.0785509999999999
1,7,7,0.0929909999999999
1,7,7,0.115209
1,7,7,0.131148
1,7,7,0.140411
1,7,7,0.154109
1,7,7,0.169508
1,7,7,0.268548
1,7,7,0.619767
16,7,112,-0.404695
16,7,112,-0.334817
16,7,112,-0.220657
16,7,112,-0.132337
16,7,112,-0.101596
16,7,112,0.124999
16,7,112,0.465517
8,7,56,0.106609
8,7,56,0.296366
8,7,56,0.500744
3,7,21,-0.355778
3,7,21,-0.097398
3,7,21,-0.071962
3,7,21,-0.027922
3,7,21,0.082117
3,7,21,0.0934579999999999
3,7,21,0.112357
3,7,21,0.123957
3,7,21,0.147216
3,7,21,0.175117
3,7,21,0.183215
3,7,21,0.195175
3,7,21,0.225957
3,7,21,0.237816
3,7,21,0.271716
3,7,21,0.541293
