Stimulus,Repetition,TrialNumber,SpikeTimes
16,1,121,0.01879808
16,1,121,0.02068224
16,1,121,0.02272
16,1,121,0.26098432
16,1,121,0.37360384
17,1,129,-0.04535552
17,1,129,0.3331456
17,1,129,0.75570944
1,1,1,0.91188992
6,1,41,0.0208768
6,1,41,0.85744384
18,1,137,0.30200576
18,1,137,0.7980928
18,1,137,0.8522112
11,1,81,0.02270976
11,1,81,0.47284992
7,1,49,0.66628352
7,1,49,0.94504704
7,1,49,0.96946944
9,1,65,-0.04953344
14,1,105,0.50349824
14,1,105,0.58768128
14,1,105,0.92944128
15,1,113,0.10746624
15,1,113,1.00889344
20,1,153,-0.1950336
20,1,153,0.41751296
13,1,97,-0.11150592
13,1,97,0.73753344
13,1,97,0.98334464
2,1,9,0.11781888
2,1,9,0.20441856
2,1,9,0.34344704
2,1,9,0.92248832
8,1,57,-0.04401408
8,1,57,0.02172672
4,1,25,-0.1570432
4,1,25,0.01938176
4,1,25,0.02223872
4,1,25,0.20976384
4,1,25,0.26057472
5,1,33,0.01704704
5,1,33,0.02196224
5,1,33,0.0423808
5,1,33,0.11822848
5,1,33,0.15930112
5,1,33,0.18086656
5,1,33,0.201408
3,1,17,0.0161152
3,1,17,0.01993472
3,1,17,0.021952
3,1,17,0.02627328
3,1,17,0.11092736
3,1,17,0.12712704
3,1,17,0.14200576
3,1,17,0.22998784
3,1,17,0.80186112
10,1,73,0.4719488
10,1,73,1.00440832
1,2,2,0.24018688
7,2,50,0.05843712
7,2,50,0.21608192
7,2,50,0.21879552
9,2,66,0.3109248
9,2,66,0.36108032
9,2,66,0.5233024
9,2,66,0.90926848
18,2,138,-0.04263168
4,2,26,0.018112
4,2,26,0.0213888
4,2,26,0.02900736
4,2,26,0.12504832
4,2,26,0.18033408
4,2,26,0.23252736
4,2,26,0.46967552
4,2,26,0.57195264
3,2,18,0.01858304
3,2,18,0.02191104
3,2,18,0.11745024
3,2,18,0.78393088
2,2,10,0.01946368
2,2,10,0.11386624
20,2,154,0.58555136
11,2,82,0.65475328
8,2,58,0.20155136
16,2,122,0.1418112
16,2,122,0.51556096
16,2,122,0.5440384
16,2,122,0.5777792
16,2,122,0.71954176
5,2,34,0.0175488
5,2,34,0.01992448
14,2,106,-0.02083072
14,2,106,0.67819264
15,2,114,0.606656
15,2,114,0.9063808
6,2,42,0.01479424
6,2,42,0.05806848
6,2,42,0.10840832
6,2,42,0.17179392
6,2,42,0.21573376
6,2,42,0.3591552
6,2,42,0.41165568
6,2,42,0.50047744
6,2,42,0.6123904
21,2,162,0.12086016
13,3,99,0.67309312
13,3,99,0.92663552
18,3,139,0.75809536
18,3,139,0.75931392
5,3,35,0.01614592
5,3,35,0.11864832
5,3,35,0.16624384
5,3,35,0.18510592
14,3,107,-0.08739072
14,3,107,1.04475392
1,3,3,-0.16823552
2,3,11,-0.10258688
2,3,11,0.02028288
2,3,11,1.04560384
21,3,163,-0.03612928
21,3,163,0.530112
21,3,163,0.83719936
17,3,131,-0.09883904
17,3,131,0.67940096
17,3,131,0.68060928
4,3,27,0.01604352
4,3,27,0.71657216
4,3,27,0.87846656
7,3,51,0.39072512
15,3,115,0.03494656
15,3,115,0.3877248
15,3,115,0.43151104
15,3,115,0.43455232
15,3,115,0.44464896
6,3,43,0.01623808
9,3,67,-0.18157824
5,4,36,0.01677056
3,4,20,0.01579776
3,4,20,0.02259712
3,4,20,0.02530048
3,4,20,0.04481792
3,4,20,0.06176512
3,4,20,0.15776512
3,4,20,1.03051008
17,4,132,1.01413632
8,4,60,0.56521472
15,4,116,0.50560768
15,4,116,0.55589632
2,4,12,-0.09210112
2,4,12,-0.04539648
2,4,12,0.02134784
2,4,12,0.4101504
2,4,12,0.761792
2,4,12,0.95030016
20,4,156,-0.14125312
20,4,156,-0.10373376
20,4,156,0.29104896
18,4,140,1.02401792
9,4,68,0.41760512
9,4,68,0.66424576
6,4,44,0.24529664
6,4,44,0.71921408
6,4,44,0.74501888
13,4,100,-0.16089344
10,4,76,0.03917568
4,4,28,0.01522432
4,4,28,0.02705152
4,4,28,0.04562688
4,4,28,0.12480256
4,4,28,0.13634304
4,4,28,0.8873344
11,4,84,0.05066496
11,4,84,0.60273408
11,4,84,0.85645056
14,4,108,-0.16483584
14,4,108,0.74715904
14,4,108,0.9344384
19,4,148,-0.05798144
19,4,148,0.45220608
7,4,52,0.85703424
7,4,52,0.89477888
7,4,52,0.90521344
7,4,52,0.94340864
21,4,164,0.16959232
21,4,164,0.58810112
16,5,125,0.9506176
5,5,37,0.01475328
5,5,37,0.05675776
5,5,37,0.22840064
1,5,5,0.08729344
11,5,85,0.60559104
13,5,101,-0.05608704
13,5,101,0.32916224
13,5,101,1.02638336
15,5,117,0.4699008
15,5,117,0.53209856
7,5,53,-0.05591296
20,5,157,0.33576704
20,5,157,0.6433664
18,5,141,0.13411072
18,5,141,0.29501184
18,5,141,0.53670656
18,5,141,0.65055488
6,5,45,0.01663744
19,5,149,0.5700992
19,5,149,0.845248
14,5,109,0.94689024
21,5,165,0.18286336
8,5,61,0.04906752
8,5,61,0.10242816
8,5,61,0.11352832
8,5,61,0.17910528
12,5,93,0.83525376
3,5,21,0.01712896
3,5,21,0.0207744
3,5,21,0.0259968
3,5,21,0.03699456
3,5,21,0.04098816
3,5,21,0.09789184
3,5,21,0.17513216
3,5,21,0.21325568
2,5,13,0.01938176
2,5,13,0.19382016
2,5,13,0.20986624
4,5,29,-0.1745536
4,5,29,0.0151936
4,5,29,0.01891072
4,5,29,0.03036928
4,5,29,0.09359104
4,5,29,0.22100736
4,5,29,0.25478912
4,5,29,0.47037184
2,6,14,-0.14715136
2,6,14,-0.11059456
2,6,14,0.018368
2,6,14,0.02040576
2,6,14,0.16936704
2,6,14,0.17618688
2,6,14,0.18898688
3,6,22,0.01505024
3,6,22,0.01792768
3,6,22,0.02189056
3,6,22,0.02545408
3,6,22,0.04660992
3,6,22,0.10846976
3,6,22,0.15991552
3,6,22,0.19565312
3,6,22,0.65779456
3,6,22,0.80675584
3,6,22,0.8446336
3,6,22,0.8702336
3,6,22,0.89488128
5,6,38,0.0654310399999999
5,6,38,0.18088704
5,6,38,0.19991296
5,6,38,0.23644928
8,6,62,0.02279168
7,6,54,0.0203136
7,6,54,0.21023488
7,6,54,0.87559936
1,6,6,0.13769472
1,6,6,0.19986176
1,6,6,0.88988416
15,6,118,0.38078208
15,6,118,0.52664064
12,6,94,0.49149696
6,6,46,-0.0183936
6,6,46,0.02188032
6,6,46,0.79131392
14,6,110,0.31598336
14,6,110,0.31892224
10,6,78,0.17989376
10,6,78,0.33367808
10,6,78,0.60602112
21,6,166,0.23316224
21,6,166,0.37704448
21,6,166,0.420032
11,6,86,0.97665792
11,6,86,1.04305408
13,6,102,-0.16700672
13,6,102,-0.04048128
20,6,158,-0.1927808
20,6,158,0.20675328
20,6,158,0.59777792
20,6,158,0.65392384
20,6,158,0.84160256
1,7,7,-0.1003136
1,7,7,0.50730752
18,7,143,0.04460288
3,7,23,0.01451776
3,7,23,0.01776384
3,7,23,0.20424448
13,7,103,0.69442304
7,7,55,0.17368832
7,7,55,0.20689664
4,7,31,-0.19496192
4,7,31,0.02018048
4,7,31,0.02479872
4,7,31,0.0343936
4,7,31,0.24311552
4,7,31,0.9606016
5,7,39,0.01608448
5,7,39,0.01916672
5,7,39,0.03426048
5,7,39,0.04800256
15,7,119,0.3723136
15,7,119,0.59320064
20,7,159,0.4849024
20,7,159,0.81706752
19,7,151,0.00689919999999999
19,7,151,0.34319104
19,7,151,0.45497088
19,7,151,0.946368
6,7,47,0.8578944
9,7,71,-0.03760384
9,7,71,0.05990144
9,7,71,0.07196416
9,7,71,1.00358912
17,7,135,0.4033408
17,7,135,0.50905856
2,7,15,-0.15895808
2,7,15,-0.09417984
2,7,15,0.0192384
2,7,15,0.0228736
2,7,15,0.04771584
2,7,15,0.87630592
10,7,79,-0.11748608
10,7,79,0.08903424
10,7,79,0.938944
21,7,167,-0.15931648
21,7,167,0.01686272
21,7,167,0.82934528
19,8,152,-0.07801088
19,8,152,0.5025664
19,8,152,0.51714816
12,8,96,0.19538688
12,8,96,0.22463232
12,8,96,0.5631872
12,8,96,1.03092992
12,8,96,1.03633664
1,8,8,-0.06847744
1,8,8,-0.03620096
1,8,8,0.1280384
1,8,8,0.1567616
1,8,8,0.2025856
9,8,72,0.14692096
9,8,72,0.1667968
9,8,72,0.23449344
9,8,72,0.4472192
9,8,72,0.44927744
9,8,72,0.83629824
9,8,72,0.91322112
9,8,72,0.91638528
4,8,32,0.0151936
4,8,32,0.017856
4,8,32,0.02083584
4,8,32,0.02325248
4,8,32,0.0340352
4,8,32,0.0621952
4,8,32,0.122816
4,8,32,0.19092224
4,8,32,0.6339456
4,8,32,1.0288
8,8,64,0.05823232
8,8,64,0.17920768
8,8,64,0.39995136
8,8,64,0.40347392
8,8,64,0.465856
8,8,64,0.98315008
8,8,64,1.00633344
13,8,104,0.09751296
13,8,104,0.55203584
18,8,144,0.56327936
18,8,144,0.56867584
17,8,136,1.00479744
11,8,88,-0.17452288
11,8,88,0.42124032
5,8,40,0.0150912
5,8,40,0.01824512
5,8,40,0.02080512
5,8,40,0.02904832
5,8,40,0.06780672
5,8,40,0.09774848
5,8,40,0.25392896
5,8,40,0.82759424
5,8,40,0.82913024
5,8,40,0.98075392
6,8,48,0.02181888
6,8,48,0.2097024
6,8,48,0.7283072
6,8,48,1.01143296
15,8,120,0.40910592
14,8,112,-0.052544
7,8,56,0.01194752
7,8,56,0.08567552
7,8,56,0.68450048
7,8,56,1.01155584
3,8,24,-0.09423104
3,8,24,0.02224896
3,8,24,0.13350656
3,8,24,0.14172928
3,8,24,0.15176448
3,8,24,0.20428544
3,8,24,0.222912
3,8,24,0.2604928
3,8,24,0.98654976
21,8,168,-0.09353472
21,8,168,0.50202368
2,8,16,-0.17924352
2,8,16,-0.07728384
2,8,16,0.01997568
2,8,16,0.22341376
2,8,16,0.33137408
2,8,16,0.69421824
2,8,16,0.84393728
10,8,80,0.40891136
10,8,80,0.95807232
